122.39099463428208 -70.51170402819751
12.952494016930084 90.78270035343675
-6.774852234965804 -149.25600876418454
-39.07890505942978 -56.707094262447995
-37.32970465054403 118.65299148630929
114.53899409714185 -85.00850039227434
-129.3319987244318 5.4160466467124575
27.17280301574441 19.558994830400984
126.02099343647171 39.76280098473873
-51.297007124458474 -6.297715542889793
-32.88169277721132 75.70179693566405
-102.82500631099488 -49.310892744195975
-127.51600293859782 34.08280638070763
38.03010672304142 32.65810780168492
68.78829682425771 -24.04300815232808
43.782705815047215 56.28430753793668
7.810227576943511 81.79170046144556
136.39899848480584 61.51000710004434
-42.391809118307904 -135.58600493678273
-59.93639600179649 -16.889097323101893
-124.24900777656957 -2.7757774856195048
82.32420230553748 90.90980520667262
136.788998511485 -4.81780220954765
123.48299470898371 0.1393810652108568
96.64339778978601 6.319786404847918
82.00970192249022 32.9120919116119
-66.53129739292653 55.15440724372263
-24.919093534023677 52.602496729310424
42.25579320155574 55.541493315032525
78.89560481864378 -84.93380913626102
-14.983107315637971 4.481945353600528
-48.92179510369569 59.07929832928123
59.16459262289624 -12.345695710778097
-15.670405988829732 -70.74030852684386
45.449507085975156 -110.31699236219124
108.04200160641889 -53.42819888268593
87.48560685240086 -83.57030361999273
47.50339442821299 -103.66099190686707
-70.0249982826831 2.374441232568335
-10.010395478718126 68.02690848583855
-33.261409361393795 3.5491224409086612
143.77500911230572 -37.97340679146927
-1.6296342401858526 121.36699311810052
5.193702452182 -118.6889929349037
-67.35410439064485 108.53100091680459
36.7204059826881 119.42199370811267
-55.348495471027306 -46.86469301069564
101.04700474323361 -82.65819798999068
-108.07200594686621 -26.21339731020008
-8.628616642327787 -104.88000283624424
137.132995642754 39.979298468818605
107.58599579069802 90.45729613739485
-36.788498539768455 136.40599197769208
70.60359702074548 -79.8811985230873
4.140880977412861 124.42999260456862
72.33779525940757 -67.69259320628034
-94.7501915865227 -55.29499149050531
17.86329840203723 93.74339180687578
85.48349391717552 115.99200504252653
57.25339509519177 30.83310695377433
-41.266608752108795 21.701504015288396
-13.086893158445113 -71.73889283232067
-114.13399190023902 66.58709493831982
117.4409928495304 70.48980236364793
-9.333812641400414 -27.8873988708469
25.605790616429527 -8.180769901640838
-95.69450112328306 -55.48919251608235
-71.95670629624473 -119.75300023834836
-3.718432647718612 71.0051964697655
109.7260046138815 45.25310649408713
-43.59100515117412 102.35899904845823
49.8743013149141 -61.07169181337167
-91.79799760293466 113.04400339472781
105.91900652264948 -49.587605706003174
105.50499926367004 38.58349504723171
-135.20999189587602 9.500246492265225
-50.57400779806529 123.39399687209293
142.7360054259005 -17.52939671614432
66.46619399006367 -53.116104862782315
-61.78450169582849 -125.67000281231651
-65.54429371007852 -122.90099322303851
-72.65319802863371 -25.709696624983668
25.028000265985707 76.89640583878769
54.12429582112164 117.18900150908173
61.45210398690036 -90.56900402645377
30.263400479516193 -56.39770740108098
131.82399455650966 -7.37035191416989
-2.4688345868202517 -137.08099563919677
-120.22199665510252 4.098356028733746
69.93820001210332 22.70279547930181
-118.37900448275076 31.969192353256023
-49.991799515287425 57.03789399585105
148.8759913846091 5.666308413651617
72.44869476084794 -0.06713377176530479
-71.6696910922288 16.979693135517742
-115.49200790058586 -86.13599432334472
-58.83890641117342 44.74709344428737
-40.65700928885991 88.001809346137
-44.468105717320945 26.421002530475707
59.90789563831393 105.07100791077112
-84.7212971911378 -118.00199505710488
86.96899076499942 116.87999064195591
-124.91799553021515 -75.11039559368899
-92.05239530652698 53.496893030552194
55.85509131190092 80.6019042846092
82.84010400388067 45.973003867990464
-100.4039981916546 -48.078402421271974
53.2487932304999 -50.84310687648829
-71.4095970758824 -78.95939224166244
-19.137994078535336 -131.46800320894656
-58.786304816830295 55.725392098400825
-102.7270034120275 54.44400372440946
149.4080044361875 8.760101828473555
55.514496928514745 21.77380770787013
24.45769220094166 -64.17590026867471
-68.81939154800452 -4.666370528906504
-88.62960693065972 -49.41880309141884
17.508491436333898 -67.11450206044356
75.29309119548546 112.06799754343473
113.44000052955401 2.3269907593295702
127.75600006275238 73.6644909394629
-59.43839162933418 -110.24799741893203
-114.54799915921846 -85.47330447323917
8.507678094647527 -45.16869578693893
80.98919715275176 -2.7822445865680523
-111.07300398296134 -49.56670042619275
29.93739467268837 131.66199743769093
104.32499773681681 80.6781935161476
28.316709095442956 78.59520421964129
11.479292180793266 -98.45379126142618
104.04200567118166 79.70809077444129
69.42030554428182 -62.09219658311014
88.11389322943712 15.757298257969815
39.208096680704266 74.7804982464648
-73.80430439805113 -87.06270732961717
-61.52660724579308 41.36000572162155
-10.209409230582455 -39.77430640851929
39.55709453538114 -75.62990683674764
30.40909824797912 123.50000844839778
124.15200126234136 -6.914308499024899
49.35089853145908 31.793208248664868
-37.96609370347804 10.077905244724624
-68.05629243578791 -73.99750903888899
132.42000182793936 14.877396534726095
6.348587563723428 80.22380447566387
140.50399081189667 -11.105892299862859
-0.05419956986820882 -138.5970044196936
19.209696180331154 -141.21200676777826
-5.846973646545646 -142.96199676457053
-76.81470229017609 -20.613000687029885
-52.03869336463904 36.91910013944741
47.563797903060916 70.52860496933921
99.57859683367202 74.57979252051508
-29.329299186404263 -94.26130507440936
64.08810561335575 61.972893610379074
-138.47700585761632 24.74260183720691
-88.9664977707701 -98.55880645299185
-112.10800333069784 -84.22819954352308
32.10150472673242 18.018302027969725
-19.302303561937396 51.385497369123634
64.94619967061018 -77.11399370616704
-107.40399577824776 40.72160509949715
59.81429187196853 35.503105827108364
27.144001856868897 35.53989686360926
2.363481000437511 57.82919267615725
94.314696256659 -55.218100668181
-43.48489957630899 -42.43450326439555
27.652308471539946 32.79470650951094
33.97630601188924 21.90219094152604
84.71479249076512 54.485494688925286
-60.535204430323084 130.4390009693571
-96.1684042648848 50.75769978460093
78.99909723353258 -109.74899666173054
-105.0050021217294 106.39200727807236
-87.0014014685904 103.05300921885531
-101.68600695614393 106.19400871065926
-111.8060047561703 42.08909615472209
-1.26364144580698 -82.60980753114893
46.15289831269005 132.10499385266647
66.61010578588093 -66.99249192917588
87.64130606767957 -19.787392532214675
121.93299604908287 -48.84340030440661
-66.70859747736186 29.101108281423233
-80.19449572456274 11.012608128622466
34.40110430559096 -88.14470595750304
-26.78699532485458 -110.98400614607056
-93.11380824970739 -109.98700101640677
44.49630528541054 -83.68789581892636
132.49600906379683 -8.926592078474547
-72.47809751050936 -80.34030629129803
-104.30499484318527 -13.220201916660674
-42.077195936988275 77.08459095650561
125.37300496119686 -66.23510792942544
-114.65399193581123 7.897702637157447
-52.15260082000896 -3.732457232915172
102.60700484995023 73.17430724721744
-83.95449453564542 27.544097328924124
-95.62670936159566 -19.44269981159948
-95.59159149946808 -86.30019100847444
18.188608619518842 73.18750464508337
