-1.5
-1.493987975951904
-1.4879759519038076
-1.4819639278557115
-1.4759519038076152
-1.4699398797595191
-1.4639278557114228
-1.4579158316633267
-1.4519038076152304
-1.4458917835671343
-1.439879759519038
-1.433867735470942
-1.4278557114228456
-1.4218436873747495
-1.4158316633266532
-1.4098196392785571
-1.4038076152304608
-1.3977955911823647
-1.3917835671342687
-1.3857715430861723
-1.3797595190380763
-1.37374749498998
-1.3677354709418839
-1.3617234468937875
-1.3557114228456915
-1.3496993987975952
-1.343687374749499
-1.3376753507014028
-1.3316633266533067
-1.3256513026052104
-1.3196392785571143
-1.313627254509018
-1.3076152304609219
-1.3016032064128256
-1.2955911823647295
-1.2895791583166334
-1.283567134268537
-1.2775551102204408
-1.2715430861723447
-1.2655310621242486
-1.2595190380761523
-1.2535070140280562
-1.24749498997996
-1.2414829659318638
-1.2354709418837675
-1.2294589178356714
-1.223446893787575
-1.217434869739479
-1.2114228456913827
-1.2054108216432866
-1.1993987975951903
-1.1933867735470942
-1.1873747494989981
-1.1813627254509018
-1.1753507014028055
-1.1693386773547094
-1.1633266533066133
-1.157314629258517
-1.1513026052104207
-1.1452905811623246
-1.1392785571142285
-1.1332665330661322
-1.1272545090180361
-1.1212424849699398
-1.1152304609218437
-1.1092184368737474
-1.1032064128256514
-1.097194388777555
-1.091182364729459
-1.0851703406813629
-1.0791583166332666
-1.0731462925851702
-1.0671342685370742
-1.061122244488978
-1.0551102204408818
-1.0490981963927855
-1.0430861723446894
-1.0370741482965933
-1.031062124248497
-1.0250501002004009
-1.0190380761523046
-1.0130260521042085
-1.0070140280561122
-1.001002004008016
-0.9949899799599199
-0.9889779559118237
-0.9829659318637275
-0.9769539078156313
-0.9709418837675351
-0.9649298597194389
-0.9589178356713427
-0.9529058116232465
-0.9468937875751503
-0.9408817635270541
-0.9348697394789579
-0.9288577154308617
-0.9228456913827655
-0.9168336673346693
-0.9108216432865731
-0.9048096192384769
-0.8987975951903807
-0.8927855711422846
-0.8867735470941884
-0.8807615230460922
-0.874749498997996
-0.8687374749498998
-0.8627254509018036
-0.8567134268537074
-0.8507014028056112
-0.844689378757515
-0.8386773547094188
-0.8326653306613226
-0.8266533066132264
-0.8206412825651302
-0.814629258517034
-0.8086172344689379
-0.8026052104208417
-0.7965931863727455
-0.7905811623246493
-0.7845691382765532
-0.778557114228457
-0.7725450901803608
-0.7665330661322646
-0.7605210420841684
-0.7545090180360722
-0.748496993987976
-0.7424849699398798
-0.7364729458917836
-0.7304609218436874
-0.7244488977955912
-0.718436873747495
-0.7124248496993988
-0.7064128256513026
-0.7004008016032064
-0.6943887775551102
-0.688376753507014
-0.6823647294589178
-0.6763527054108216
-0.6703406813627255
-0.6643286573146293
-0.6583166332665331
-0.6523046092184369
-0.6462925851703407
-0.6402805611222445
-0.6342685370741483
-0.6282565130260521
-0.6222444889779559
-0.6162324649298597
-0.6102204408817635
-0.6042084168336673
-0.5981963927855711
-0.5921843687374749
-0.5861723446893787
-0.5801603206412825
-0.5741482965931863
-0.5681362725450901
-0.562124248496994
-0.5561122244488979
-0.5501002004008017
-0.5440881763527055
-0.5380761523046093
-0.5320641282565131
-0.5260521042084169
-0.5200400801603207
-0.5140280561122245
-0.5080160320641283
-0.5020040080160321
-0.49599198396793587
-0.4899799599198398
-0.48396793587174347
-0.4779559118236474
-0.4719438877755511
-0.465931863727455
-0.4599198396793587
-0.4539078156312626
-0.4478957915831663
-0.4418837675350702
-0.4358717434869739
-0.4298597194388778
-0.4238476953907815
-0.4178356713426854
-0.4118236472945891
-0.405811623246493
-0.3997995991983969
-0.3937875751503006
-0.3877755511022045
-0.3817635270541082
-0.3757515030060121
-0.3697394789579158
-0.3637274549098197
-0.3577154308617234
-0.35170340681362733
-0.345691382765531
-0.33967935871743493
-0.3336673346693386
-0.32765531062124253
-0.3216432865731462
-0.31563126252505014
-0.30961923847695383
-0.30360721442885774
-0.29759519038076143
-0.29158316633266534
-0.28557114228456926
-0.27955911823647295
-0.27354709418837686
-0.26753507014028055
-0.26152304609218446
-0.25551102204408815
-0.24949899799599207
-0.24348697394789576
-0.23747494989979967
-0.23146292585170336
-0.22545090180360727
-0.21943887775551096
-0.21342685370741488
-0.20741482965931857
-0.20140280561122248
-0.19539078156312617
-0.18937875751503008
-0.18336673346693377
-0.17735470941883769
-0.1713426853707416
-0.1653306613226453
-0.1593186372745492
-0.1533066132264529
-0.1472945891783568
-0.1412825651302605
-0.1352705410821644
-0.1292585170340681
-0.12324649298597201
-0.1172344689378757
-0.11122244488977961
-0.1052104208416833
-0.09919839679358722
-0.09318637274549091
-0.08717434869739482
-0.08116232464929851
-0.07515030060120242
-0.06913827655310634
-0.06312625250501003
-0.05711422845691394
-0.05110220440881763
-0.04509018036072154
-0.039078156312625234
-0.03306613226452915
-0.027054108216432837
-0.02104208416833675
-0.01503006012024044
-0.009018036072144353
-0.0030060120240480437
0.0030060120240480437
0.009018036072144353
0.01503006012024044
0.02104208416833675
0.027054108216432837
0.03306613226452915
0.039078156312625234
0.04509018036072132
0.05110220440881763
0.05711422845691372
0.06312625250501003
0.06913827655310611
0.07515030060120242
0.08116232464929851
0.08717434869739482
0.09318637274549091
0.09919839679358722
0.1052104208416833
0.11122244488977961
0.1172344689378757
0.12324649298597201
0.1292585170340681
0.1352705410821644
0.1412825651302605
0.1472945891783568
0.1533066132264529
0.15931863727454898
0.1653306613226453
0.17134268537074138
0.17735470941883769
0.18336673346693377
0.18937875751503008
0.19539078156312617
0.20140280561122248
0.20741482965931857
0.21342685370741488
0.21943887775551096
0.22545090180360727
0.23146292585170336
0.23747494989979967
0.24348697394789576
0.24949899799599207
0.25551102204408815
0.26152304609218424
0.26753507014028055
0.27354709418837664
0.27955911823647295
0.28557114228456904
0.29158316633266534
0.29759519038076143
0.30360721442885774
0.30961923847695383
0.31563126252505014
0.3216432865731462
0.32765531062124253
0.3336673346693386
0.33967935871743493
0.345691382765531
0.35170340681362733
0.3577154308617234
0.3637274549098197
0.3697394789579158
0.3757515030060119
0.3817635270541082
0.3877755511022043
0.3937875751503006
0.3997995991983967
0.405811623246493
0.4118236472945891
0.4178356713426854
0.4238476953907815
0.4298597194388778
0.4358717434869739
0.4418837675350702
0.4478957915831663
0.4539078156312626
0.4599198396793587
0.465931863727455
0.4719438877755511
0.4779559118236474
0.48396793587174347
0.48997995991983956
0.49599198396793587
0.5020040080160322
0.5080160320641283
0.5140280561122244
0.5200400801603204
0.526052104208417
0.5320641282565131
0.5380761523046091
0.5440881763527052
0.5501002004008018
0.5561122244488979
0.5621242484969939
0.56813627254509
0.5741482965931866
0.5801603206412826
0.5861723446893787
0.5921843687374748
0.5981963927855709
0.6042084168336674
0.6102204408817635
0.6162324649298596
0.6222444889779557
0.6282565130260522
0.6342685370741483
0.6402805611222444
0.6462925851703405
0.652304609218437
0.6583166332665331
0.6643286573146292
0.6703406813627253
0.6763527054108218
0.6823647294589179
0.688376753507014
0.6943887775551101
0.7004008016032062
0.7064128256513027
0.7124248496993988
0.7184368737474949
0.724448897795591
0.7304609218436875
0.7364729458917836
0.7424849699398797
0.7484969939879758
0.7545090180360723
0.7605210420841684
0.7665330661322645
0.7725450901803605
0.7785571142284571
0.7845691382765532
0.7905811623246493
0.7965931863727453
0.8026052104208419
0.808617234468938
0.814629258517034
0.8206412825651301
0.8266533066132262
0.8326653306613228
0.8386773547094188
0.8446893787575149
0.850701402805611
0.8567134268537075
0.8627254509018036
0.8687374749498997
0.8747494989979958
0.8807615230460923
0.8867735470941884
0.8927855711422845
0.8987975951903806
0.9048096192384771
0.9108216432865732
0.9168336673346693
0.9228456913827654
0.9288577154308615
0.934869739478958
0.9408817635270541
0.9468937875751502
0.9529058116232463
0.9589178356713428
0.9649298597194389
0.970941883767535
0.9769539078156311
0.9829659318637276
0.9889779559118237
0.9949899799599198
1.0010020040080159
1.0070140280561124
1.0130260521042085
1.0190380761523046
1.0250501002004007
1.0310621242484967
1.0370741482965933
1.0430861723446894
1.0490981963927855
1.0551102204408815
1.061122244488978
1.0671342685370742
1.0731462925851702
1.0791583166332663
1.0851703406813629
1.091182364729459
1.097194388777555
1.1032064128256511
1.1092184368737477
1.1152304609218437
1.1212424849699398
1.127254509018036
1.1332665330661325
1.1392785571142285
1.1452905811623246
1.1513026052104207
1.1573146292585168
1.1633266533066133
1.1693386773547094
1.1753507014028055
1.1813627254509016
1.1873747494989981
1.1933867735470942
1.1993987975951903
1.2054108216432864
1.211422845691383
1.217434869739479
1.223446893787575
1.2294589178356712
1.2354709418837677
1.2414829659318638
1.24749498997996
1.253507014028056
1.259519038076152
1.2655310621242486
1.2715430861723447
1.2775551102204408
1.2835671342685369
1.2895791583166334
1.2955911823647295
1.3016032064128256
1.3076152304609217
1.3136272545090182
1.3196392785571143
1.3256513026052104
1.3316633266533064
1.337675350701403
1.343687374749499
1.3496993987975952
1.3557114228456912
1.3617234468937873
1.3677354709418839
1.37374749498998
1.379759519038076
1.3857715430861721
1.3917835671342687
1.3977955911823647
1.4038076152304608
1.409819639278557
1.4158316633266534
1.4218436873747495
1.4278557114228456
1.4338677354709417
1.4398797595190382
1.4458917835671343
1.4519038076152304
1.4579158316633265
1.463927855711423
1.4699398797595191
1.4759519038076152
1.4819639278557113
1.4879759519038074
1.493987975951904
1.5
